Matt_Damon\1\1.1390.jpg,0,169,99,83,83,0.0,1
Matt_Damon\1\1.1391.jpg,0,166,99,77,77,0.0,1
Matt_Damon\1\1.1392.jpg,0,167,101,77,77,0.0,1
Matt_Damon\1\1.1393.jpg,0,168,101,80,80,0.0,1
Matt_Damon\1\1.1394.jpg,0,173,100,79,79,0.0,1
Matt_Damon\1\1.1395.jpg,0,175,99,76,76,0.0,1
Matt_Damon\1\1.1396.jpg,0,178,100,80,80,0.0,1
Matt_Damon\1\1.1397.jpg,0,178,99,82,82,0.0,1
Matt_Damon\1\1.1398.jpg,0,184,97,79,79,0.0,1
Matt_Damon\1\1.1399.jpg,0,183,96,84,84,0.0,1
Matt_Damon\1\1.1400.jpg,0,188,95,80,80,0.0,1
Matt_Damon\1\1.1401.jpg,0,189,95,80,80,0.0,1
Matt_Damon\1\1.1402.jpg,0,191,95,81,81,0.0,1
Matt_Damon\1\1.1403.jpg,0,190,95,83,83,0.0,1
Matt_Damon\1\1.1404.jpg,0,191,94,82,82,0.0,1
Matt_Damon\1\1.1405.jpg,0,192,94,87,87,0.0,1
Matt_Damon\1\1.1406.jpg,1,190,94,78,78,0.0,1
Matt_Damon\1\1.1407.jpg,0,188,94,80,80,0.0,1
Matt_Damon\1\1.1408.jpg,1,188,93,83,83,0.0,1
Matt_Damon\1\1.1409.jpg,0,187,93,81,81,0.0,1
Matt_Damon\1\1.1410.jpg,0,186,93,75,75,0.0,1
Matt_Damon\1\1.1411.jpg,0,184,92,79,79,0.0,1
Matt_Damon\1\1.1412.jpg,0,184,93,82,82,0.0,1
Matt_Damon\1\1.1413.jpg,0,183,93,78,78,0.0,1
Matt_Damon\1\1.1414.jpg,0,182,92,77,77,0.0,1
Matt_Damon\1\1.1415.jpg,0,182,93,77,77,0.0,1
Matt_Damon\1\1.1416.jpg,0,181,94,77,77,0.0,1
Matt_Damon\1\1.1417.jpg,0,179,95,83,83,0.0,1
Matt_Damon\1\1.1418.jpg,0,181,95,77,77,0.0,1
Matt_Damon\1\1.1419.jpg,0,180,95,78,78,0.0,1
Matt_Damon\1\1.1420.jpg,0,181,95,78,78,0.0,1
Matt_Damon\1\1.1421.jpg,0,178,95,78,78,0.0,1
Matt_Damon\1\1.1422.jpg,0,179,95,78,78,0.0,1
Matt_Damon\1\1.1423.jpg,0,178,95,76,76,0.0,1
Matt_Damon\1\1.1424.jpg,0,182,96,76,76,0.0,1
Matt_Damon\1\1.1425.jpg,0,181,95,75,75,0.0,1
Matt_Damon\1\1.1426.jpg,0,180,94,79,79,0.0,1
Matt_Damon\1\1.1427.jpg,0,181,92,77,77,0.0,1
Matt_Damon\1\1.1428.jpg,0,181,93,78,78,0.0,1
Matt_Damon\1\1.1429.jpg,0,180,92,79,79,0.0,1
Matt_Damon\1\1.1430.jpg,0,179,92,79,79,0.0,1
Matt_Damon\1\1.1431.jpg,0,180,93,78,78,0.0,1
Matt_Damon\1\1.1432.jpg,0,179,93,78,78,0.0,1
Matt_Damon\1\1.1433.jpg,1,179,92,78,78,0.0,1
Matt_Damon\1\1.1434.jpg,0,178,91,75,75,0.0,1
Matt_Damon\1\1.1435.jpg,0,178,92,75,75,0.0,1
Matt_Damon\1\1.1436.jpg,0,178,91,77,77,0.0,1
Matt_Damon\1\1.1437.jpg,0,178,91,77,77,0.0,1
Matt_Damon\1\1.1438.jpg,0,178,92,81,81,0.0,1
Matt_Damon\1\1.1439.jpg,0,180,94,84,84,0.0,1
Matt_Damon\1\1.1440.jpg,0,182,94,78,78,0.0,1
Matt_Damon\1\1.1441.jpg,0,183,95,78,78,0.0,1
Matt_Damon\1\1.1442.jpg,0,186,98,72,72,0.0,1
Matt_Damon\1\1.1443.jpg,0,185,97,73,73,0.0,1
Matt_Damon\1\1.1444.jpg,1,186,98,75,75,0.0,1
Matt_Damon\1\1.1445.jpg,1,183,98,78,78,0.0,1
Matt_Damon\1\1.1446.jpg,0,184,96,77,77,0.0,1
Matt_Damon\1\1.1447.jpg,0,183,96,79,79,0.0,1
Matt_Damon\1\1.1448.jpg,0,183,96,80,80,0.0,1
Matt_Damon\1\1.1449.jpg,0,183,95,81,81,0.0,1
Matt_Damon\1\1.1450.jpg,0,181,93,81,81,0.0,1
Matt_Damon\1\1.1451.jpg,0,182,94,80,80,0.0,1
Matt_Damon\1\1.1452.jpg,0,181,93,80,80,0.0,1
Matt_Damon\1\1.1453.jpg,0,181,93,81,81,0.0,1
Matt_Damon\1\1.1454.jpg,0,183,94,84,84,0.0,1
Matt_Damon\1\1.1455.jpg,0,184,94,84,84,0.0,1
Matt_Damon\1\1.1456.jpg,0,184,94,82,82,0.0,1
Matt_Damon\1\1.1457.jpg,0,181,94,77,77,0.0,1
Matt_Damon\1\1.1458.jpg,0,182,93,79,79,0.0,1
Matt_Damon\1\1.1459.jpg,0,179,93,78,78,0.0,1
Matt_Damon\1\1.1460.jpg,0,176,93,80,80,0.0,1
Matt_Damon\1\1.1461.jpg,0,174,93,81,81,0.0,1
Matt_Damon\1\1.1462.jpg,0,171,94,79,79,0.0,1
Matt_Damon\1\1.1463.jpg,0,171,95,79,79,0.0,1
Matt_Damon\1\1.1464.jpg,1,172,96,78,78,0.0,1
Matt_Damon\1\1.1465.jpg,0,172,95,78,78,0.0,1
Matt_Damon\1\1.1466.jpg,0,172,93,79,79,0.0,1
Matt_Damon\1\1.1467.jpg,0,171,94,79,79,0.0,1
Matt_Damon\1\1.1468.jpg,0,171,95,78,78,0.0,1
Matt_Damon\1\1.1469.jpg,0,169,94,79,79,0.0,1
Matt_Damon\1\1.1470.jpg,0,171,95,76,76,0.0,1
Matt_Damon\1\1.1471.jpg,0,171,93,71,71,0.0,1
Matt_Damon\1\1.1472.jpg,0,173,93,71,71,0.0,1
Matt_Damon\1\1.1473.jpg,0,173,94,72,72,0.0,1
Matt_Damon\1\1.1474.jpg,0,174,94,74,74,0.0,1
Matt_Damon\1\1.1475.jpg,0,174,94,78,78,0.0,1
Matt_Damon\1\1.1476.jpg,0,173,93,78,78,0.0,1
Matt_Damon\1\1.1477.jpg,0,169,93,79,79,0.0,1
Matt_Damon\1\1.1478.jpg,0,169,91,75,75,0.0,1
Matt_Damon\1\1.1479.jpg,0,168,91,76,76,0.0,1
Matt_Damon\1\1.1480.jpg,0,166,90,75,75,0.0,1
Matt_Damon\1\1.1481.jpg,0,167,90,77,77,0.0,1
Matt_Damon\1\1.1482.jpg,0,170,89,73,73,0.0,1
Matt_Damon\1\1.1483.jpg,0,172,91,74,74,0.0,1
Matt_Damon\1\1.1484.jpg,0,172,91,74,74,0.0,1
Matt_Damon\1\1.1485.jpg,1,171,91,75,75,0.0,1
Matt_Damon\1\1.1486.jpg,0,169,92,76,76,0.0,1
Matt_Damon\1\1.1487.jpg,0,170,90,75,75,0.0,1
Matt_Damon\1\1.1488.jpg,0,171,91,76,76,0.0,1
Matt_Damon\1\1.1489.jpg,0,171,91,77,77,0.0,1
Matt_Damon\1\1.1490.jpg,0,172,91,75,75,0.0,1
Matt_Damon\1\1.1491.jpg,0,171,92,77,77,0.0,1
Matt_Damon\1\1.1492.jpg,1,172,92,77,77,0.0,1
Matt_Damon\1\1.1493.jpg,0,174,92,77,77,0.0,1
Matt_Damon\1\1.1494.jpg,0,172,92,76,76,0.0,1
Matt_Damon\1\1.1495.jpg,0,171,92,77,77,0.0,1
Matt_Damon\1\1.1496.jpg,0,173,93,74,74,0.0,1
Matt_Damon\1\1.1497.jpg,0,175,93,74,74,0.0,1
Matt_Damon\1\1.1498.jpg,0,175,92,72,72,0.0,1
Matt_Damon\1\1.1499.jpg,0,175,92,74,74,0.0,1
Matt_Damon\1\1.1500.jpg,0,174,92,74,74,0.0,1
Matt_Damon\1\1.1501.jpg,0,173,92,73,73,0.0,1
Matt_Damon\1\1.1502.jpg,0,174,92,74,74,0.0,1
Matt_Damon\1\1.1503.jpg,0,174,93,72,72,0.0,1
Matt_Damon\1\1.1504.jpg,0,173,92,71,71,0.0,1
Matt_Damon\1\1.1505.jpg,0,172,92,73,73,0.0,1
Matt_Damon\1\1.1506.jpg,0,170,92,75,75,0.0,1
Matt_Damon\1\1.1507.jpg,0,169,93,75,75,0.0,1
Matt_Damon\1\1.1508.jpg,0,168,94,76,76,0.0,1
Matt_Damon\1\1.1509.jpg,0,167,94,78,78,0.0,1
Matt_Damon\1\1.1510.jpg,0,165,94,75,75,0.0,1
Matt_Damon\1\1.1511.jpg,1,162,95,79,79,0.0,1
Matt_Damon\1\1.1512.jpg,0,162,95,76,76,0.0,1
Matt_Damon\1\1.1513.jpg,0,160,95,76,76,0.0,1
Matt_Damon\1\1.1514.jpg,0,157,94,77,77,0.0,1
Matt_Damon\1\1.1515.jpg,0,157,96,80,80,0.0,1
Matt_Damon\1\1.1516.jpg,1,155,95,79,79,0.0,1
Matt_Damon\1\1.1517.jpg,0,150,97,80,80,0.0,1
Matt_Damon\1\1.1518.jpg,0,150,97,78,78,0.0,1
Matt_Damon\1\1.1519.jpg,0,148,98,85,85,0.0,1
Matt_Damon\1\1.1520.jpg,0,150,98,84,84,0.0,1
Matt_Damon\1\1.1521.jpg,0,150,98,83,83,0.0,1
Matt_Damon\1\1.1522.jpg,0,153,97,84,84,0.0,1
Matt_Damon\1\1.1523.jpg,1,154,97,76,76,0.0,1
Matt_Damon\1\1.1524.jpg,0,147,98,82,82,0.0,1
Matt_Damon\1\1.1525.jpg,0,149,97,82,82,0.0,1
Matt_Damon\1\1.1526.jpg,0,154,96,79,79,0.0,1
Matt_Damon\1\1.1527.jpg,0,156,96,74,74,0.0,1
Matt_Damon\1\1.1528.jpg,0,156,95,75,75,0.0,1
Matt_Damon\1\1.1529.jpg,0,156,95,76,76,0.0,1
Matt_Damon\1\1.1530.jpg,0,156,96,74,74,0.0,1
Matt_Damon\1\1.1531.jpg,0,156,96,75,75,0.0,1
Matt_Damon\1\1.1532.jpg,0,152,97,80,80,0.0,1
Matt_Damon\1\1.1533.jpg,0,153,97,78,78,0.0,1
Matt_Damon\1\1.1534.jpg,0,156,97,76,76,0.0,1
Matt_Damon\1\1.1535.jpg,0,155,96,75,75,0.0,1
Matt_Damon\1\1.1536.jpg,0,155,96,78,78,0.0,1
Matt_Damon\1\1.1537.jpg,0,155,95,75,75,0.0,1
Matt_Damon\1\1.1538.jpg,0,156,96,78,78,0.0,1
Matt_Damon\1\1.1539.jpg,0,155,96,78,78,0.0,1
Matt_Damon\1\1.1540.jpg,1,155,95,74,74,0.0,1
Matt_Damon\1\1.1541.jpg,0,156,95,74,74,0.0,1
Matt_Damon\1\1.1542.jpg,0,151,96,79,79,0.0,1
Matt_Damon\1\1.1543.jpg,0,155,96,77,77,0.0,1
Matt_Damon\1\1.1544.jpg,0,156,96,78,78,0.0,1
Matt_Damon\1\1.1545.jpg,0,156,97,78,78,0.0,1
Matt_Damon\1\1.1546.jpg,0,157,95,74,74,0.0,1
Matt_Damon\1\1.1547.jpg,0,156,95,81,81,0.0,1
Matt_Damon\1\1.1548.jpg,1,156,95,80,80,0.0,1
Matt_Damon\1\1.1549.jpg,0,156,95,76,76,0.0,1
Matt_Damon\1\1.1550.jpg,0,155,95,76,76,0.0,1
Matt_Damon\1\1.1551.jpg,0,158,95,74,74,0.0,1
Matt_Damon\1\1.1552.jpg,0,157,95,74,74,0.0,1
Matt_Damon\1\1.1553.jpg,0,158,96,72,72,0.0,1
Matt_Damon\1\1.1554.jpg,0,158,95,75,75,0.0,1
Matt_Damon\1\1.1555.jpg,0,156,96,79,79,0.0,1
Matt_Damon\1\1.1556.jpg,0,157,98,80,80,0.0,1
Matt_Damon\1\1.1557.jpg,0,156,97,80,80,0.0,1
Matt_Damon\1\1.1558.jpg,0,158,96,78,78,0.0,1
Matt_Damon\1\1.1559.jpg,0,163,94,76,76,0.0,1
Matt_Damon\1\1.1560.jpg,0,164,92,77,77,0.0,1
Matt_Damon\1\1.1561.jpg,0,164,92,77,77,0.0,1
Matt_Damon\1\1.1562.jpg,0,167,92,76,76,0.0,1
Matt_Damon\1\1.1563.jpg,0,167,93,76,76,0.0,1
Matt_Damon\1\1.1564.jpg,0,169,94,76,76,0.0,1
Matt_Damon\1\1.1565.jpg,0,169,94,77,77,0.0,1
Matt_Damon\1\1.1566.jpg,0,170,94,76,76,0.0,1
Matt_Damon\1\1.1567.jpg,0,173,94,72,72,0.0,1
Matt_Damon\1\1.1568.jpg,0,172,95,77,77,0.0,1
Matt_Damon\1\1.1569.jpg,0,174,95,74,74,0.0,1
Matt_Damon\1\1.1570.jpg,0,171,94,75,75,0.0,1
Matt_Damon\1\1.1571.jpg,0,171,95,77,77,0.0,1
Matt_Damon\1\1.1572.jpg,0,171,97,78,78,0.0,1
Matt_Damon\1\1.1573.jpg,0,172,96,76,76,0.0,1
Matt_Damon\1\1.1574.jpg,0,171,97,76,76,0.0,1
Matt_Damon\1\1.1575.jpg,0,169,97,78,78,0.0,1
Matt_Damon\1\1.1576.jpg,0,168,97,78,78,0.0,1
Matt_Damon\1\1.1577.jpg,0,168,97,74,74,0.0,1
Matt_Damon\1\1.1578.jpg,0,167,96,75,75,0.0,1
Matt_Damon\1\1.1579.jpg,0,165,97,76,76,0.0,1
Matt_Damon\1\1.1580.jpg,0,164,97,78,78,0.0,1
Matt_Damon\1\1.1581.jpg,0,163,96,78,78,0.0,1
Matt_Damon\1\1.1582.jpg,0,162,96,76,76,0.0,1
Matt_Damon\1\1.1583.jpg,0,163,96,78,78,0.0,1
Matt_Damon\1\1.1584.jpg,0,163,96,78,78,0.0,1
Matt_Damon\1\1.1585.jpg,0,163,97,76,76,0.0,1
Matt_Damon\1\1.1586.jpg,0,159,96,75,75,0.0,1
Matt_Damon\1\1.1587.jpg,0,159,98,76,76,0.0,1
Matt_Damon\1\1.1588.jpg,0,159,98,74,74,0.0,1
Matt_Damon\1\1.1589.jpg,0,156,97,74,74,0.0,1
Matt_Damon\1\1.1590.jpg,0,153,98,80,80,0.0,1
Matt_Damon\1\1.1591.jpg,0,155,95,79,79,0.0,1
Matt_Damon\1\1.1592.jpg,0,155,95,79,79,0.0,1
Matt_Damon\1\1.1593.jpg,0,155,95,78,78,0.0,1
Matt_Damon\1\1.1594.jpg,0,155,95,79,79,0.0,1
Matt_Damon\1\1.1595.jpg,0,157,95,76,76,0.0,1
Matt_Damon\1\1.1596.jpg,0,156,95,76,76,0.0,1
Matt_Damon\1\1.1597.jpg,0,156,95,79,79,0.0,1
Matt_Damon\1\1.1598.jpg,0,155,96,79,79,0.0,1
Matt_Damon\1\1.1599.jpg,0,155,97,78,78,0.0,1
Matt_Damon\1\1.1600.jpg,0,155,97,76,76,0.0,1
Matt_Damon\1\1.1601.jpg,0,152,97,80,80,0.0,1
Matt_Damon\1\1.1602.jpg,0,152,97,84,84,0.0,1
Matt_Damon\1\1.1603.jpg,0,155,95,75,75,0.0,1
Matt_Damon\1\1.1604.jpg,0,154,95,76,76,0.0,1
Matt_Damon\1\1.1605.jpg,0,157,95,74,74,0.0,1
Matt_Damon\1\1.1606.jpg,0,156,96,76,76,0.0,1
Matt_Damon\1\1.1607.jpg,0,159,97,75,75,0.0,1
Matt_Damon\1\1.1608.jpg,0,160,97,76,76,0.0,1
Matt_Damon\1\1.1609.jpg,0,160,97,76,76,0.0,1
Matt_Damon\1\1.1610.jpg,0,159,98,78,78,0.0,1
Matt_Damon\1\1.1611.jpg,0,157,96,77,77,0.0,1
Matt_Damon\1\1.1612.jpg,0,157,96,77,77,0.0,1
Matt_Damon\1\1.1613.jpg,0,157,96,77,77,0.0,1
Matt_Damon\1\1.1614.jpg,0,157,96,77,77,0.0,1
Matt_Damon\1\1.1615.jpg,0,161,96,82,82,0.0,1
Matt_Damon\1\1.1616.jpg,0,159,94,75,75,0.0,1
Matt_Damon\1\1.1617.jpg,0,165,94,71,71,0.0,1
Matt_Damon\1\1.1618.jpg,0,164,93,73,73,0.0,1
Matt_Damon\1\1.1619.jpg,0,163,94,72,72,0.0,1
Matt_Damon\1\1.1620.jpg,0,163,94,72,72,0.0,1
Matt_Damon\1\1.1621.jpg,0,161,93,71,71,0.0,1
Matt_Damon\1\1.1622.jpg,0,161,95,76,76,0.0,1
Matt_Damon\1\1.1623.jpg,0,157,95,79,79,0.0,1
Matt_Damon\1\1.1624.jpg,0,157,95,78,78,0.0,1
Matt_Damon\1\1.1625.jpg,0,154,96,84,84,0.0,1
Matt_Damon\1\1.1626.jpg,0,162,95,76,76,0.0,1
Matt_Damon\1\1.1627.jpg,0,162,95,79,79,0.0,1
Matt_Damon\1\1.1628.jpg,0,161,95,77,77,0.0,1
Matt_Damon\1\1.1629.jpg,0,162,96,78,78,0.0,1
Matt_Damon\1\1.1630.jpg,0,159,97,82,82,0.0,1
