Tom_Hanks\3\3.1134.jpg,0,313,158,162,162,0.0,1
Tom_Hanks\3\3.1135.jpg,0,317,157,153,153,0.0,1
Tom_Hanks\3\3.1136.jpg,0,319,159,155,155,0.0,1
Tom_Hanks\3\3.1137.jpg,0,321,157,158,158,0.0,1
Tom_Hanks\3\3.1138.jpg,0,324,157,156,156,0.0,1
Tom_Hanks\3\3.1139.jpg,0,327,156,152,152,0.0,1
Tom_Hanks\3\3.1140.jpg,0,326,156,163,163,0.0,1
Tom_Hanks\3\3.1141.jpg,1,326,158,165,165,0.0,1
Tom_Hanks\3\3.1142.jpg,0,330,162,152,152,0.0,1
Tom_Hanks\3\3.1143.jpg,1,331,163,148,148,0.0,1
Tom_Hanks\3\3.1144.jpg,0,331,162,149,149,0.0,1
Tom_Hanks\3\3.1145.jpg,0,330,163,153,153,0.0,1
Tom_Hanks\3\3.1146.jpg,1,328,163,156,156,0.0,1
Tom_Hanks\3\3.1147.jpg,0,329,162,154,154,0.0,1
Tom_Hanks\3\3.1148.jpg,0,327,161,157,157,0.0,1
Tom_Hanks\3\3.1149.jpg,1,325,162,161,161,0.0,1
Tom_Hanks\3\3.1150.jpg,0,325,162,158,158,0.0,1
Tom_Hanks\3\3.1151.jpg,0,322,163,160,160,0.0,1
Tom_Hanks\3\3.1152.jpg,0,322,163,157,157,0.0,1
Tom_Hanks\3\3.1153.jpg,0,324,164,158,158,0.0,1
Tom_Hanks\3\3.1154.jpg,0,322,162,155,155,0.0,1
Tom_Hanks\3\3.1155.jpg,0,321,162,157,157,0.0,1
Tom_Hanks\3\3.1156.jpg,0,321,161,154,154,0.0,1
Tom_Hanks\3\3.1157.jpg,0,321,163,156,156,0.0,1
Tom_Hanks\3\3.1158.jpg,0,320,165,162,162,0.0,1
Tom_Hanks\3\3.1159.jpg,1,320,165,163,163,0.0,1
Tom_Hanks\3\3.1160.jpg,0,321,164,156,156,0.0,1
Tom_Hanks\3\3.1161.jpg,0,322,165,156,156,0.0,1
Tom_Hanks\3\3.1162.jpg,0,322,164,158,158,0.0,1
Tom_Hanks\3\3.1163.jpg,0,319,163,157,157,0.0,1
Tom_Hanks\3\3.1164.jpg,0,318,164,160,160,0.0,1
Tom_Hanks\3\3.1165.jpg,0,319,163,158,158,0.0,1
Tom_Hanks\3\3.1166.jpg,0,320,163,158,158,0.0,1
Tom_Hanks\3\3.1167.jpg,0,319,162,155,155,0.0,1
Tom_Hanks\3\3.1168.jpg,0,320,162,156,156,0.0,1
Tom_Hanks\3\3.1169.jpg,0,319,164,157,157,0.0,1
Tom_Hanks\3\3.1170.jpg,0,320,166,160,160,0.0,1
Tom_Hanks\3\3.1171.jpg,0,321,166,154,154,0.0,1
Tom_Hanks\3\3.1172.jpg,0,319,171,166,166,0.0,1
Tom_Hanks\3\3.1173.jpg,0,321,171,159,159,0.0,1
Tom_Hanks\3\3.1174.jpg,1,319,172,163,163,0.0,1
Tom_Hanks\3\3.1175.jpg,1,320,173,164,164,0.0,1
Tom_Hanks\3\3.1176.jpg,0,322,171,162,162,0.0,1
Tom_Hanks\3\3.1177.jpg,0,322,170,160,160,0.0,1
Tom_Hanks\3\3.1178.jpg,0,321,166,164,164,0.0,1
Tom_Hanks\3\3.1179.jpg,0,318,164,161,161,0.0,1
Tom_Hanks\3\3.1180.jpg,0,320,162,162,162,0.0,1
Tom_Hanks\3\3.1181.jpg,0,319,157,157,157,0.0,1
Tom_Hanks\3\3.1182.jpg,0,318,157,152,152,0.0,1
Tom_Hanks\3\3.1183.jpg,0,317,160,158,158,0.0,1
Tom_Hanks\3\3.1184.jpg,0,317,161,155,155,0.0,1
Tom_Hanks\3\3.1185.jpg,0,316,163,162,162,0.0,1
Tom_Hanks\3\3.1186.jpg,0,313,165,163,163,0.0,1
Tom_Hanks\3\3.1187.jpg,0,314,166,158,158,0.0,1
Tom_Hanks\3\3.1188.jpg,0,314,166,158,158,0.0,1
Tom_Hanks\3\3.1189.jpg,0,314,164,159,159,0.0,1
Tom_Hanks\3\3.1190.jpg,0,313,163,158,158,0.0,1
Tom_Hanks\3\3.1191.jpg,2,311,161,157,157,0.0,1
Tom_Hanks\3\3.1192.jpg,0,311,160,155,155,0.0,1
Tom_Hanks\3\3.1193.jpg,0,310,160,155,155,0.0,1
Tom_Hanks\3\3.1194.jpg,0,310,162,158,158,0.0,1
Tom_Hanks\3\3.1195.jpg,0,312,164,156,156,0.0,1
Tom_Hanks\3\3.1196.jpg,0,312,165,157,157,0.0,1
Tom_Hanks\3\3.1197.jpg,0,312,166,158,158,0.0,1
Tom_Hanks\3\3.1198.jpg,0,314,166,156,156,0.0,1
Tom_Hanks\3\3.1199.jpg,0,314,164,157,157,0.0,1
Tom_Hanks\3\3.1200.jpg,0,314,162,158,158,0.0,1
Tom_Hanks\3\3.1201.jpg,0,312,160,160,160,0.0,1
Tom_Hanks\3\3.1202.jpg,0,312,159,157,157,0.0,1
Tom_Hanks\3\3.1203.jpg,0,312,159,158,158,0.0,1
Tom_Hanks\3\3.1204.jpg,0,311,161,158,158,0.0,1
Tom_Hanks\3\3.1205.jpg,0,312,164,158,158,0.0,1
Tom_Hanks\3\3.1206.jpg,0,312,164,159,159,0.0,1
Tom_Hanks\3\3.1207.jpg,0,310,163,157,157,0.0,1
Tom_Hanks\3\3.1208.jpg,0,310,162,163,163,0.0,1
Tom_Hanks\3\3.1209.jpg,0,309,160,156,156,0.0,1
Tom_Hanks\3\3.1210.jpg,0,308,160,154,154,0.0,1
Tom_Hanks\3\3.1211.jpg,0,306,159,155,155,0.0,1
Tom_Hanks\3\3.1212.jpg,0,306,159,151,151,0.0,1
Tom_Hanks\3\3.1213.jpg,0,308,161,154,154,0.0,1
Tom_Hanks\3\3.1214.jpg,0,307,160,154,154,0.0,1
Tom_Hanks\3\3.1215.jpg,1,306,160,161,161,0.0,1
Tom_Hanks\3\3.1216.jpg,0,303,159,163,163,0.0,1
Tom_Hanks\3\3.1217.jpg,0,302,159,166,166,0.0,1
Tom_Hanks\3\3.1218.jpg,0,300,156,165,165,0.0,1
Tom_Hanks\3\3.1219.jpg,0,300,157,170,170,0.0,1
Tom_Hanks\3\3.1220.jpg,0,300,155,169,169,0.0,1
Tom_Hanks\3\3.1221.jpg,0,301,155,166,166,0.0,1
Tom_Hanks\3\3.1222.jpg,0,300,155,169,169,0.0,1
Tom_Hanks\3\3.1223.jpg,0,300,154,166,166,0.0,1
Tom_Hanks\3\3.1224.jpg,0,298,154,167,167,0.0,1
Tom_Hanks\3\3.1225.jpg,0,297,154,168,168,0.0,1
Tom_Hanks\3\3.1226.jpg,0,295,154,174,174,0.0,1
Tom_Hanks\3\3.1227.jpg,0,293,156,178,178,0.0,1
Tom_Hanks\3\3.1228.jpg,0,292,156,178,178,0.0,1
Tom_Hanks\3\3.1229.jpg,0,288,155,181,181,0.0,1
Tom_Hanks\3\3.1230.jpg,0,286,155,184,184,0.0,1
Tom_Hanks\3\3.1231.jpg,0,286,155,185,185,0.0,1
Tom_Hanks\3\3.1232.jpg,0,285,155,179,179,0.0,1
Tom_Hanks\3\3.1233.jpg,0,284,155,183,183,0.0,1
Tom_Hanks\3\3.1234.jpg,0,284,155,187,187,0.0,1
Tom_Hanks\3\3.1235.jpg,0,283,155,182,182,0.0,1
Tom_Hanks\3\3.1236.jpg,0,282,156,183,183,0.0,1
Tom_Hanks\3\3.1237.jpg,0,283,155,185,185,0.0,1
Tom_Hanks\3\3.1238.jpg,0,284,156,187,187,0.0,1
Tom_Hanks\3\3.1239.jpg,0,283,156,187,187,0.0,1
Tom_Hanks\3\3.1240.jpg,0,283,157,185,185,0.0,1
Tom_Hanks\3\3.1241.jpg,0,285,156,185,185,0.0,1
Tom_Hanks\3\3.1242.jpg,0,287,156,186,186,0.0,1
Tom_Hanks\3\3.1243.jpg,0,288,158,189,189,0.0,1
Tom_Hanks\3\3.1244.jpg,0,288,159,188,188,0.0,1
Tom_Hanks\3\3.1245.jpg,0,290,159,185,185,0.0,1
Tom_Hanks\3\3.1246.jpg,0,292,159,182,182,0.0,1
Tom_Hanks\3\3.1247.jpg,0,292,159,184,184,0.0,1
Tom_Hanks\3\3.1248.jpg,0,292,159,186,186,0.0,1
Tom_Hanks\3\3.1249.jpg,0,293,160,182,182,0.0,1
Tom_Hanks\3\3.1250.jpg,0,293,160,184,184,0.0,1
Tom_Hanks\3\3.1251.jpg,0,294,161,180,180,0.0,1
Tom_Hanks\3\3.1252.jpg,0,295,161,180,180,0.0,1
Tom_Hanks\3\3.1253.jpg,0,296,161,180,180,0.0,1
Tom_Hanks\3\3.1254.jpg,0,296,160,177,177,0.0,1
Tom_Hanks\3\3.1255.jpg,0,296,160,177,177,0.0,1
Tom_Hanks\3\3.1256.jpg,0,296,161,182,182,0.0,1
Tom_Hanks\3\3.1257.jpg,0,296,161,177,177,0.0,1
Tom_Hanks\3\3.1258.jpg,0,296,160,177,177,0.0,1
Tom_Hanks\3\3.1259.jpg,0,298,161,178,178,0.0,1
Tom_Hanks\3\3.1260.jpg,0,299,161,176,176,0.0,1
Tom_Hanks\3\3.1261.jpg,0,299,161,174,174,0.0,1
Tom_Hanks\3\3.1262.jpg,0,299,160,175,175,0.0,1
Tom_Hanks\3\3.1263.jpg,0,301,161,173,173,0.0,1
Tom_Hanks\3\3.1264.jpg,0,301,161,174,174,0.0,1
Tom_Hanks\3\3.1265.jpg,0,301,160,172,172,0.0,1
Tom_Hanks\3\3.1266.jpg,0,300,160,174,174,0.0,1
Tom_Hanks\3\3.1267.jpg,0,300,159,174,174,0.0,1
Tom_Hanks\3\3.1268.jpg,0,299,159,176,176,0.0,1
Tom_Hanks\3\3.1269.jpg,0,299,159,178,178,0.0,1
Tom_Hanks\3\3.1270.jpg,0,299,160,172,172,0.0,1
Tom_Hanks\3\3.1271.jpg,0,299,159,174,174,0.0,1
Tom_Hanks\3\3.1272.jpg,0,298,159,175,175,0.0,1
Tom_Hanks\3\3.1273.jpg,0,298,159,175,175,0.0,1
Tom_Hanks\3\3.1274.jpg,0,297,159,177,177,0.0,1
Tom_Hanks\3\3.1275.jpg,0,295,159,179,179,0.0,1
Tom_Hanks\3\3.1276.jpg,0,296,159,180,180,0.0,1
Tom_Hanks\3\3.1277.jpg,0,296,159,180,180,0.0,1
Tom_Hanks\3\3.1278.jpg,0,293,159,184,184,0.0,1
Tom_Hanks\3\3.1279.jpg,0,293,159,185,185,0.0,1
Tom_Hanks\3\3.1280.jpg,0,292,160,188,188,0.0,1
Tom_Hanks\3\3.1281.jpg,0,292,159,184,184,0.0,1
Tom_Hanks\3\3.1282.jpg,0,291,159,183,183,0.0,1
Tom_Hanks\3\3.1283.jpg,0,291,160,182,182,0.0,1
Tom_Hanks\3\3.1284.jpg,0,290,160,185,185,0.0,1
Tom_Hanks\3\3.1285.jpg,0,290,159,185,185,0.0,1
Tom_Hanks\3\3.1286.jpg,0,290,158,185,185,0.0,1
Tom_Hanks\5\5.1449.jpg,0,293,112,84,84,0.0,1
Tom_Hanks\5\5.1450.jpg,0,299,114,87,87,0.0,1
Tom_Hanks\5\5.1451.jpg,0,300,115,89,89,0.0,1
Tom_Hanks\5\5.1452.jpg,0,301,116,91,91,0.0,1
Tom_Hanks\5\5.1453.jpg,0,301,116,87,87,0.0,1
Tom_Hanks\5\5.1454.jpg,0,299,117,87,87,0.0,1
Tom_Hanks\5\5.1455.jpg,0,299,117,86,86,0.0,1
Tom_Hanks\5\5.1456.jpg,0,299,117,87,87,0.0,1
Tom_Hanks\5\5.1457.jpg,0,299,118,88,88,0.0,1
Tom_Hanks\5\5.1458.jpg,0,300,118,88,88,0.0,1
Tom_Hanks\5\5.1459.jpg,0,300,119,87,87,0.0,1
Tom_Hanks\5\5.1460.jpg,0,301,120,86,86,0.0,1
Tom_Hanks\5\5.1461.jpg,0,301,120,86,86,0.0,1
Tom_Hanks\5\5.1462.jpg,0,301,122,88,88,0.0,1
Tom_Hanks\5\5.1463.jpg,0,301,123,86,86,0.0,1
Tom_Hanks\5\5.1464.jpg,0,300,123,84,84,0.0,1
Tom_Hanks\5\5.1465.jpg,0,300,124,83,83,0.0,1
Tom_Hanks\5\5.1466.jpg,0,300,125,83,83,0.0,1
Tom_Hanks\5\5.1467.jpg,0,300,126,82,82,0.0,1
Tom_Hanks\5\5.1468.jpg,0,299,125,82,82,0.0,1
Tom_Hanks\5\5.1469.jpg,0,299,125,86,86,0.0,1
Tom_Hanks\5\5.1470.jpg,1,298,125,82,82,0.0,1
Tom_Hanks\5\5.1471.jpg,1,298,125,83,83,0.0,1
Tom_Hanks\5\5.1472.jpg,0,298,125,85,85,0.0,1
Tom_Hanks\5\5.1473.jpg,0,297,124,87,87,0.0,1
Tom_Hanks\5\5.1474.jpg,0,297,124,86,86,0.0,1
Tom_Hanks\5\5.1475.jpg,0,297,123,87,87,0.0,1
Tom_Hanks\5\5.1476.jpg,0,297,124,89,89,0.0,1
Tom_Hanks\5\5.1477.jpg,0,298,124,88,88,0.0,1
Tom_Hanks\5\5.1478.jpg,0,297,124,89,89,0.0,1
Tom_Hanks\5\5.1479.jpg,0,297,124,88,88,0.0,1
Tom_Hanks\5\5.1480.jpg,0,297,124,88,88,0.0,1
Tom_Hanks\5\5.1481.jpg,0,297,124,90,90,0.0,1
Tom_Hanks\5\5.1482.jpg,0,297,124,88,88,0.0,1
Tom_Hanks\5\5.1483.jpg,0,297,124,86,86,0.0,1
Tom_Hanks\5\5.1484.jpg,0,296,123,91,91,0.0,1
Tom_Hanks\5\5.1485.jpg,0,296,123,90,90,0.0,1
Tom_Hanks\5\5.1486.jpg,0,297,123,90,90,0.0,1
Tom_Hanks\5\5.1487.jpg,0,298,124,90,90,0.0,1
Tom_Hanks\5\5.1488.jpg,0,299,124,92,92,0.0,1
Tom_Hanks\5\5.1489.jpg,0,298,123,90,90,0.0,1
Tom_Hanks\5\5.1490.jpg,0,297,122,91,91,0.0,1
Tom_Hanks\5\5.1491.jpg,0,297,122,90,90,0.0,1
Tom_Hanks\5\5.1492.jpg,0,297,122,88,88,0.0,1
Tom_Hanks\5\5.1493.jpg,0,297,123,90,90,0.0,1
Tom_Hanks\5\5.1494.jpg,0,297,123,92,92,0.0,1
Tom_Hanks\5\5.1495.jpg,0,296,122,93,93,0.0,1
Tom_Hanks\5\5.1496.jpg,0,294,120,89,89,0.0,1
Tom_Hanks\5\5.1497.jpg,0,293,119,89,89,0.0,1
Tom_Hanks\5\5.1498.jpg,0,289,117,94,94,0.0,1
Tom_Hanks\5\5.1499.jpg,0,287,115,92,92,0.0,1
Tom_Hanks\5\5.1500.jpg,0,286,114,92,92,0.0,1
Tom_Hanks\5\5.1501.jpg,0,284,112,86,86,0.0,1
Tom_Hanks\5\5.1502.jpg,0,281,109,89,89,0.0,1
Tom_Hanks\5\5.1503.jpg,0,280,109,89,89,0.0,1
Tom_Hanks\5\5.1504.jpg,0,279,108,91,91,0.0,1
Tom_Hanks\5\5.1505.jpg,0,278,108,89,89,0.0,1
Tom_Hanks\5\5.1506.jpg,0,277,109,89,89,0.0,1
Tom_Hanks\5\5.1507.jpg,0,277,109,88,88,0.0,1
Tom_Hanks\5\5.1508.jpg,0,276,109,88,88,0.0,1
Tom_Hanks\5\5.1509.jpg,0,276,109,88,88,0.0,1
Tom_Hanks\5\5.1510.jpg,0,275,108,89,89,0.0,1
Tom_Hanks\5\5.1511.jpg,0,276,108,88,88,0.0,1
Tom_Hanks\5\5.1512.jpg,0,276,108,90,90,0.0,1
Tom_Hanks\5\5.1513.jpg,0,276,108,90,90,0.0,1
Tom_Hanks\5\5.1514.jpg,0,277,108,92,92,0.0,1
Tom_Hanks\5\5.1515.jpg,0,276,108,91,91,0.0,1
Tom_Hanks\5\5.1516.jpg,0,277,109,91,91,0.0,1
Tom_Hanks\5\5.1517.jpg,0,277,109,92,92,0.0,1
Tom_Hanks\5\5.1518.jpg,0,277,109,89,89,0.0,1
Tom_Hanks\5\5.1519.jpg,0,278,110,90,90,0.0,1
Tom_Hanks\5\5.1520.jpg,0,278,110,91,91,0.0,1
Tom_Hanks\5\5.1521.jpg,0,278,111,92,92,0.0,1
Tom_Hanks\5\5.1522.jpg,0,279,110,95,95,0.0,1
Tom_Hanks\5\5.1523.jpg,0,279,111,94,94,0.0,1
Tom_Hanks\5\5.1524.jpg,0,280,111,93,93,0.0,1
Tom_Hanks\5\5.1525.jpg,0,282,111,94,94,0.0,1
Tom_Hanks\5\5.1526.jpg,0,281,111,92,92,0.0,1
Tom_Hanks\5\5.1527.jpg,0,283,111,93,93,0.0,1
Tom_Hanks\5\5.1528.jpg,0,285,112,94,94,0.0,1
Tom_Hanks\5\5.1529.jpg,0,284,112,94,94,0.0,1
Tom_Hanks\5\5.1530.jpg,0,284,112,95,95,0.0,1
Tom_Hanks\5\5.1531.jpg,0,285,113,94,94,0.0,1
Tom_Hanks\5\5.1532.jpg,0,286,113,94,94,0.0,1
Tom_Hanks\5\5.1533.jpg,0,286,113,95,95,0.0,1
Tom_Hanks\5\5.1534.jpg,0,286,113,94,94,0.0,1
Tom_Hanks\5\5.1535.jpg,0,285,113,93,93,0.0,1
Tom_Hanks\5\5.1536.jpg,0,286,113,95,95,0.0,1
Tom_Hanks\5\5.1537.jpg,0,287,114,96,96,0.0,1
Tom_Hanks\5\5.1538.jpg,0,286,113,95,95,0.0,1
Tom_Hanks\5\5.1539.jpg,0,286,115,92,92,0.0,1
Tom_Hanks\5\5.1540.jpg,0,286,115,94,94,0.0,1
Tom_Hanks\5\5.1541.jpg,0,285,115,92,92,0.0,1
Tom_Hanks\5\5.1542.jpg,0,286,116,96,96,0.0,1
Tom_Hanks\5\5.1543.jpg,0,286,116,94,94,0.0,1
Tom_Hanks\5\5.1544.jpg,0,285,116,94,94,0.0,1
Tom_Hanks\5\5.1545.jpg,0,286,116,93,93,0.0,1
Tom_Hanks\5\5.1546.jpg,0,287,117,96,96,0.0,1
Tom_Hanks\5\5.1547.jpg,0,289,118,98,98,0.0,1
Tom_Hanks\5\5.1548.jpg,0,288,118,97,97,0.0,1
Tom_Hanks\5\5.1549.jpg,0,289,118,98,98,0.0,1
Tom_Hanks\5\5.1550.jpg,0,290,119,96,96,0.0,1
Tom_Hanks\5\5.1551.jpg,0,290,120,99,99,0.0,1
Tom_Hanks\5\5.1552.jpg,0,291,121,99,99,0.0,1
Tom_Hanks\5\5.1553.jpg,0,291,121,101,101,0.0,1
Tom_Hanks\5\5.1554.jpg,0,292,122,100,100,0.0,1
Tom_Hanks\5\5.1555.jpg,0,295,122,100,100,0.0,1
Tom_Hanks\5\5.1556.jpg,0,294,123,100,100,0.0,1
Tom_Hanks\5\5.1557.jpg,0,296,124,100,100,0.0,1
Tom_Hanks\5\5.1558.jpg,0,297,123,100,100,0.0,1
Tom_Hanks\5\5.1559.jpg,0,297,123,101,101,0.0,1
Tom_Hanks\5\5.1560.jpg,0,298,124,101,101,0.0,1
Tom_Hanks\5\5.1561.jpg,0,298,124,100,100,0.0,1
Tom_Hanks\5\5.1562.jpg,0,299,125,102,102,0.0,1
Tom_Hanks\5\5.1563.jpg,0,298,123,101,101,0.0,1
Tom_Hanks\5\5.1564.jpg,0,299,123,103,103,0.0,1
Tom_Hanks\5\5.1565.jpg,0,299,124,104,104,0.0,1
Tom_Hanks\5\5.1566.jpg,0,300,123,104,104,0.0,1
Tom_Hanks\5\5.1567.jpg,0,300,122,101,101,0.0,1
Tom_Hanks\5\5.1568.jpg,0,299,122,103,103,0.0,1
Tom_Hanks\5\5.1569.jpg,0,297,123,104,104,0.0,1
Tom_Hanks\5\5.1570.jpg,0,294,123,99,99,0.0,1
Tom_Hanks\5\5.1571.jpg,0,292,125,100,100,0.0,1
Tom_Hanks\5\5.1572.jpg,0,291,125,100,100,0.0,1
Tom_Hanks\5\5.1573.jpg,0,289,125,103,103,0.0,1
Tom_Hanks\5\5.1574.jpg,0,287,126,101,101,0.0,1
Tom_Hanks\5\5.1575.jpg,0,285,126,101,101,0.0,1
Tom_Hanks\5\5.1576.jpg,0,285,126,101,101,0.0,1
Tom_Hanks\5\5.1577.jpg,0,284,127,99,99,0.0,1
Tom_Hanks\5\5.1578.jpg,0,283,128,99,99,0.0,1
Tom_Hanks\5\5.1579.jpg,0,283,130,98,98,0.0,1
Tom_Hanks\5\5.1580.jpg,0,284,130,100,100,0.0,1
Tom_Hanks\5\5.1581.jpg,0,284,129,99,99,0.0,1
Tom_Hanks\5\5.1582.jpg,0,287,131,100,100,0.0,1
Tom_Hanks\5\5.1583.jpg,0,288,132,103,103,0.0,1
Tom_Hanks\5\5.1584.jpg,0,290,134,104,104,0.0,1
Tom_Hanks\5\5.1585.jpg,0,290,133,103,103,0.0,1
Tom_Hanks\5\5.1586.jpg,0,290,132,103,103,0.0,1
Tom_Hanks\5\5.1587.jpg,0,290,132,101,101,0.0,1
Tom_Hanks\5\5.1588.jpg,0,292,132,100,100,0.0,1
Tom_Hanks\5\5.1589.jpg,0,293,133,99,99,0.0,1
Tom_Hanks\5\5.1590.jpg,0,293,133,98,98,0.0,1
Tom_Hanks\5\5.1591.jpg,0,293,134,98,98,0.0,1
Tom_Hanks\5\5.1592.jpg,0,293,133,100,100,0.0,1
Tom_Hanks\5\5.1593.jpg,0,294,134,101,101,0.0,1
Tom_Hanks\5\5.1594.jpg,0,293,134,102,102,0.0,1
Tom_Hanks\5\5.1595.jpg,0,293,133,101,101,0.0,1
Tom_Hanks\5\5.1596.jpg,0,296,134,100,100,0.0,1
Tom_Hanks\5\5.1597.jpg,0,294,135,102,102,0.0,1
Tom_Hanks\5\5.1598.jpg,0,294,135,101,101,0.0,1
Tom_Hanks\5\5.1599.jpg,0,294,136,100,100,0.0,1
Tom_Hanks\5\5.1600.jpg,0,294,135,102,102,0.0,1
Tom_Hanks\5\5.1601.jpg,0,294,135,100,100,0.0,1
Tom_Hanks\5\5.1602.jpg,0,294,136,100,100,0.0,1
Tom_Hanks\5\5.1603.jpg,0,292,136,101,101,0.0,1
Tom_Hanks\5\5.1604.jpg,0,292,135,99,99,0.0,1
Tom_Hanks\5\5.1605.jpg,0,292,135,101,101,0.0,1
Tom_Hanks\5\5.1606.jpg,0,292,135,101,101,0.0,1
Tom_Hanks\5\5.1607.jpg,0,292,135,102,102,0.0,1
Tom_Hanks\5\5.1608.jpg,0,291,134,101,101,0.0,1
Tom_Hanks\5\5.1609.jpg,0,290,131,103,103,0.0,1
Tom_Hanks\5\5.1610.jpg,0,290,131,102,102,0.0,1
Tom_Hanks\5\5.1611.jpg,0,289,130,102,102,0.0,1
Tom_Hanks\5\5.1612.jpg,0,289,129,101,101,0.0,1
Tom_Hanks\5\5.1613.jpg,0,289,130,105,105,0.0,1
Tom_Hanks\5\5.1614.jpg,0,289,130,101,101,0.0,1
Tom_Hanks\5\5.1615.jpg,0,290,131,101,101,0.0,1
Tom_Hanks\5\5.1616.jpg,0,289,132,103,103,0.0,1
Tom_Hanks\5\5.1617.jpg,0,289,132,101,101,0.0,1
Tom_Hanks\5\5.1618.jpg,0,289,134,104,104,0.0,1
Tom_Hanks\5\5.1619.jpg,0,287,134,101,101,0.0,1
Tom_Hanks\5\5.1620.jpg,0,285,135,99,99,0.0,1
Tom_Hanks\5\5.1621.jpg,0,283,136,101,101,0.0,1
Tom_Hanks\5\5.1622.jpg,0,282,137,99,99,0.0,1
Tom_Hanks\5\5.1623.jpg,0,279,141,96,96,0.0,1
Tom_Hanks\5\5.1624.jpg,0,278,141,97,97,0.0,1
Tom_Hanks\5\5.1625.jpg,0,279,142,94,94,0.0,1
Tom_Hanks\5\5.1626.jpg,0,277,142,95,95,0.0,1
Tom_Hanks\5\5.1627.jpg,0,276,143,96,96,0.0,1
Tom_Hanks\5\5.1628.jpg,0,276,143,95,95,0.0,1
Tom_Hanks\5\5.1629.jpg,0,276,144,96,96,0.0,1
Tom_Hanks\5\5.1630.jpg,0,277,143,97,97,0.0,1
Tom_Hanks\5\5.1631.jpg,0,274,145,93,93,0.0,1
Tom_Hanks\5\5.1632.jpg,0,275,146,97,97,0.0,1
Tom_Hanks\5\5.1633.jpg,0,278,147,96,96,0.0,1